7383210
4889270
7701647
7243244
7330431
2074882
5262747
6289629
5259678
7635461
9726201
3980274
0077766
2007617
9022131
2055703
0067722
2378544
5777082
8786815
2169499
3658103
7148061
4062211
3847734
0991039
4355074
7089194
8826177
6646034
6907642
4036072
6458120
9459805
9526050
6417246
8170479
2530585
3714329
7160529
4658342
0565311
9312512
2837121
8632158
1475683
1497510
9450766
3084676
1328254
0416524
7064620
2949606
4976520
6221476
7264574
6973942
3008214
3607479
0565304
0130564
6579627
8873574
3116256
7023772
2928208
9644490
0132704
0777401
0452543
1785692
0688633
1155162
1836360
4990827
9675913
2863595
7820534
2401771
3923054
3158005
9785135
8655362
5415968
7328476
5596950
1535253
9539113
5570344
0449056
1973511
6547777
3537985
2093554
5200325
7075858
0280040
5961418
4807067
6534126